 [1]
 [-2, 4]
 [3, -1, 2]
 [-4, -3, -2, -1]
 [5, 1, -2, 3, -4]
 [-6, 2, -4, 5, -1, 3]
 [7, -3, 6, -1, 4, -2, 5]
 [-8, 4, -6, 3, -5, 2, -4, 1]
 [9, -4, 7, -3, 6, -2, 5, -1, 4]
 [-10, 5, -7, 4, -6, 3, -5, 2, -4, 1]
 [11, -5, 8, -4, 7, -3, 6, -2, 5, -1, 4]
 [-12, 6, -9, 5, -7, 4, -6, 3, -5, 2, -4, 1]
 [13, -6, 10, -5, 8, -4, 7, -3, 6, -2, 5, -1, 4]
 [-14, 7, -12, 6, -9, 5, -7, 4, -6, 3, -5, 2, -4, 1]
 [15, -7, 14, -6, 10, -5, 8, -4, 7, -3, 6, -2, 5, -1, 4]
 [-16, 8, -14, 7, -12, 6, -9, 5, -7, 4, -6, 3, -5, 2, -4, 1]
 [17, -8, 16, -7, 14, -6, 10, -5, 8, -4, 7, -3, 6, -2, 5, -1, 4]
 [-18, 9, -16, 8, -14, 7, -12, 6, -9, 5, -7, 4, -6, 3, -5, 2, -4, 1]
 [19, -9, 18, -8, 16, -7, 14, -6, 10, -5, 8, -4, 7, -3, 6, -2, 5, -1, 4]
 [-20, 10, -18, 9, -16, 8, -14, 7, -12, 6, -9, 5, -7, 4, -6, 3, -5, 2, -4, 1]
 [21, -10, 20, -9, 18, -8, 16, -7, 14, -6, 10, -5, 8, -4, 7, -3, 6, -2, -5, 2, -4, 1]
 [-22, 11, -20, 10, -18, 9, -16, 8, -14, 7, -12, 6, -9, 5, -7, 4, -6, 3, -5, 2, -4, 1]
 [23, -11, 22, -10, 20, -9, 18, -8, 16, -7, 14, -6, 10, -5, 8, -4, 7, -3, 6, -2, -5, 2, -4, 1]
 [-24, 12, -22, 11, -20, 10, -18, 9, -16, 8, -14, 7, -12, 6, -9, 5, -7, 4, -6, 3, -5, 2, -4, 1]
 [25, -12, 24, -11, 22, -10, 20, -9, 18, -8, 16, -7, 14, -6, 10, -5, 8, -4, 7, -3, 6, -2, -5, 2, -4, 1]
 [-26, 13, -24, 12, -22, 11, -20, 10, -18, 9, -16, 8, -14, 7, -12, 6, -9, 5, -7, 4, -6, 3, -5, 2, -4, 1]
 [27, -13, 26, -12, 24, -11, 22, -10, 20, -9, 18, -8, 16, -7, 14, -6, 10, -5, 8, -4, 7, -3, 6, -2, -5, 2, -4, 1]
 [-28, 14, -26, 13, -24, 12, -22, 11, -20, 10, -18, 9, -16, 8, -14, 7, -12, 6, -9, 5, -7, 4, -6, 3, -5, 2, -4, 1]
 [29, -14, 28, -13, 26, -12, 24, -11, 22, -10, 20, -9, 18, -8, 16, -7, 14, -6, 10, -5, 8, -4, 7, -3, 6, -2, -5, 2, -4, 1]
 [-30, 15, -28, 14, -26, 13, -24, 12, -22, 11, -20, 10, -18, 9, -16, 8, -14, 7, -12, 6, -9, 5, -7, 4, -6, 3, -5, 2, -4, 1]
 [31, -15, 30, -14, 28, -13, 26, -12, 24, -11, 22, -10, 20, -9, 18, -8, 16, -7, 14, -6, 10, -5, 8, -4, 7, -3, 6, -2, -5, 2, -4, 1]
 [-32, 16, -30, 15, -28, 14, -26, 13, -24, 12, -22, 11, -20, 10, -18, 9, -16, 8, -14, 7, -12, 6, -9, 5, -7, 4, -6, 3, -5, 2, -4, 1]
 [33, -16, 32, -15, 30, -14, 28, -13, 26, -12, 24, -11, 22, -10, 20, -9, 18, -8, 16, -7, 14, -6, 10, -5, 8, -4, 7, -3, 6, -2, -5, 2, -4, 1]
 [-34, 17, -32, 16, -30, 15, -28, 14, -26, 13, -24, 12, -22, 11, -20, 10, -18, 9, -16, 8, -14, 7, -12, 6, -9, 5, -7, 4, -6, 3, -5, 2, -4, 1]
 [35, -17, 34, -16, 32, -15, 30, -14, 28, -13, 26, -12, 24, -11, 22, -10, 20, -9, 18, -8, 16, -7, 14, -6, 10, -5, 8, -4, 7, -3, 6, -2, -5, 2, -4, 1]
 [-36, 18, -34, 17, -32, 16, -30, 15, -28, 14, -26, 13, -24, 12, -22, 11, -20, 10, -18, 9, -16, 8, -14, 7, -12, 6, -9, 5, -7, 4, -6, 3, -5, 2, -4, 1]
 [37, -18, 36, -17, 34, -16, 32, -15, 30, -14, 28, -13, 26, -12, 24, -11, 22, -10, 20, -9, 18, -8, 16, -7, 14, -6, 10, -5, 8, -4, 7, -3, 6, -2, -5, 2, -4, 1]
 [-38, 19, -36, 18, -34, 17, -32, 16, -30, 15, -28, 14, -26, 13, -24, 12, -22, 11, -20, 10, -18, 9, -16, 8, -14, 7, -12, 6, -9, 5, -7, 4, -6, 3, -5, 2, -4, 1]
 [39, -19, 38, -18, 36, -17, 34, -16, 32, -15, 30, -14, 28, -13, 26, -12, 24, -11, 22, -10, 20, -9, 18, -8, 16, -7, 14, -6, 10, -5, 8, -4, 7, -3, 6, -2, -5, 2, -4, 1]
 [-40, 20, -38, 19, -36, 18, -34, 17, -32, 16, -30, 15, -28, 14, -26, 13, -24, 12, -22, 11, -20, 10, -18, 9, -16, 8, -14, 7, -12, 6, -9, 5, -7, 4, -6, 3, -5, 2, -4, 1]
 [41, -20, 40, -19, 38, -18, 36, -17, 34, -16, 32, -15, 30, -14, 28, -13, 26, -12, 24, -11, 22, -10, 20, -9, 18, -8, 16, -7, 14, -6, 10, -5, 8, -4, 7, -3, 6, -2, -5, 2, -4, 1]
 [-42, 21, -40, 20, -38, 19, -36, 18, -34, 17, -32, 16, -30, 15, -28, 14, -26, 13, -24, 12, -22, 11, -20, 10, -18, 9, -16, 8, -14, 7, -12, 6, -9, 5, -7, 4, -6, 3, -5, 2, -4, 1]
 [43, -21, 42, -20, 40, -19, 38, -18, 36, -17, 34, -16, 32, -15, 30, -14, 28, -13, 26, -12, 24, -11, 22, -10, 20, -9, 18, -8, 16, -7, 14, -6, 10, -5, 8, -4, 7, -3, 6, -2, -5, 2, -4, 1]
 [-44, 22, -42, 21, -40, 20, -38, 19, -36, 18, -34, 17, -32, 16, -30, 15, -28, 14, -26, 13, -24, 12, -22, 11, -20, 10, -18, 9, -16, 8, -14, 7, -12, 6, -9, 5, -7, 4, -6, 3, -5, 2, -4, 1]
 [45, -22, 44, -21, 42, -20, 40, -19, 38, -18, 36, -17, 34, -16, 32, -15, 30, -14, 28, -13, 26, -12, 24, -11, 22, -10, 20, -9, 18, -8, 16, -7, 14, -6, 10, -5, 8, -4, 7, -3, 6, -2, -5, 2, -4, 1]
 [-46, 23, -44, 22, -42, 21, -40, 20, -38, 19, -36, 18, -34, 17, -32, 16, -30, 15, -28, 14, -26, 13, -24, 12, -22, 11, -20, 10, -18, 9, -16, 8, -14, 7, -12, 6, -9, 5, -7, 4, -6, 3, -5, 2, -4, 1]
 [47, -23, 46, -22, 44, -21, 42, -20, 40, -19, 38, -18, 36, -17, 34, -16, 32, -15, 30, -14, 28, -13, 26, -12, 24, -11, 22, -10, 20, -9, 18, -8, 16, -7, 14, -6, 10, -5, 8, -4, 7, -3, 6, -2, -5, 2, -4, 1]
 [-48, 24, -46, 23, -44, 22, -42, 21, -40, 20, -38, 19, -36, 18, -34, 17, -32, 16, -30, 15, -28, 14, -26, 13, -24, 12, -22, 11, -20, 10, -18, 9, -16, 8, -14, 7, -12, 6, -9, 5, -7, 4, -6, 3, -5, 2, -4, 1]
 [49, -24, 48, -23, 46, -22, 44, -21, 42, -20, 40, -19, 38, -18, 36, -17, 34, -16, 32, -15, 30, -14, 28, -13, 26, -12, 24, -11, 22, -10, 20, -9, 18, -8, 16, -7, 14, -6, 10, -5, 8, -4, 7, -3, 6, -2, -5, 2, -4, 1]
 [-50, 25, -48, 24, -46, 23, -44, 22, -42, 21, -40, 20, -38, 19, -36, 18, -34, 17, -32, 16, -30, 15, -28, 14, -26, 13, -24, 12, -22, 11, -20, 10, -18, 9, -16, 8, -14, 7, -12, 6, -9, 5, -7, 4, -6, 3, -5, 2, -4, 1]
 [51, -25, 50, -24, 48, -23, 46, -22, 44, -21, 42, -20, 40, -19, 38, -18, 36, -17, 34, -16, 32, -15, 30, -14, 28, -13, 26, -12, 24, -11, 22, -10, 20, -9, 18, -8, 16, -7, 14, -6, 10, -5, 8, -4, 7, -3, 6, -2, -5, 2, -4, 1]
 [-52, 26, -50, 25, -48, 24, -46, 23, -44, 22, -42, 21, -40, 20, -38, 19, -36, 18, -34, 17, -32, 16, -30, 15, -28, 14, -26, 13, -24, 12, -22, 11, -20, 10, -18, 9, -16, 8, -14, 7, -12, 6, -9, 5, -7, 4, -6, 3, -5, 2, -4, 1]
 [53, -26, 52, -25, 50, -24, 48, -23, 46, -22, 44, -21, 42, -20, 40, -19, 38, -18, 36, -17, 34, -16, 32, -15, 30, -14, 28, -13, 26, -12, 24, -11, 22, -10, 20, -9, 18, -8, 16, -7, 14, -6, 10, -5, 8, -4, 7, -3, 6, -2, -5, 2, -4, 1]
 [-54, 27, -52, 26, -50, 25, -48, 24, -46, 23, -44, 22, -42, 21, -40, 20, -38, 19, -36, 18, -34, 17, -32, 16, -30, 15, -28, 14, -26, 13, -24, 12, -22, 11, -20, 10, -18, 9, -16, 8, -14, 7, -12, 6, -9, 5, -7, 4, -6, 3, -5, 2, -4, 1]
 [55, -27, 54, -26, 52, -25, 50, -24, 48, -23, 46, -22, 44, -21, 42, -20, 40, -19, 38, -18, 36, -17, 34, -16, 32, -15, 30, -14, 28, -13, 26, -12, 24, -11, 22, -10, 20, -9, 18, -8, 16, -7, 14, -6, 10, -5, 8, -4, 7, -3, 6, -2, -5, 2, -4, 1]
 [-56, 28, -54, 27, -52, 26, -50, 25, -48, 24, -46, 23, -44, 22, -42, 21, -40, 20, -38, 19, -36, 18, -34, 17, -32, 16, -30, 15, -28, 14, -26, 13, -24, 12, -22, 11, -20, 10, -18, 9, -16, 8, -14, 7, -12, 6, -9, 5, -7, 4, -6, 3, -5, 2, -4, 1]
 [57, -28, 56, -27, 54, -26, 52, -25, 50, -24, 48, -23, 46, -22, 44, -21, 42, -20, 40, -19, 38, -18, 36, -17, 34, -16, 32, -15, 30, -14, 28, -13, 26, -12, 24, -11, 22, -10, 20, -9, 18, -8, 16, -7, 14, -6, 10, -5, 8, -4, 7, -3, 6, -2, -5, 2, -4, 1]
 [-58, 29, -56, 28, -54, 27, -52, 26, -50, 25, -48, 24, -46, 23, -44, 22, -42, 21, -40, 20, -38, 19, -36, 18, -34, 17, -32, 16, -30, 15, -28, 14, -26, 13, -24, 12, -22, 11, -20, 10, -18, 9, -16, 8, -14, 7, -12, 6, -9, 5, -7, 4, -6, 3, -5, 2, -4, 1]
 [59, -29, 58, -28, 56, -27, 54, -26, 52, -25, 50, -24, 48, -23, 46, -22, 44, -21, 42, -20, 40, -19, 38, -18, 36, -17, 34, -16, 32, -15, 30, -14, 28, -13, 26, -12, 24, -11, 22, -10, 20, -9, 18, -8, 16, -7, 14, -6, 10, -5, 8, -4, 7, -3, 6, -2, -5, 2, -4, 1]
 [-60, 30, -58, 29, -56, 28, -54, 27, -52, 26, -50, 25, -48, 24, -46, 23, -44, 22, -42, 21, -40, 20, -38, 19, -36, 18, -34, 17, -32, 16, -30, 15, -28, 14, -26, 13, -24, 12, -22, 11, -20, 10, -18, 9, -16, 8, -14, 7, -12, 6, -9, 5, -7, 4, -6, 3, -5, 2, -4, 1]
 [61, -30, 60, -29, 58, -28, 56, -27, 54, -26, 52, -25, 50, -24, 48, -23, 46, -22, 44, -21, 42, -20, 40, -19, 38, -18, 36, -17, 34, -16, 32, -15, 30, -14, 28, -13, 26, -12, 24, -11, 22, -10, 20, -9, 18, -8, 16, -7, 14, -6, 10, -5, 8, -4, 7, -3, 6, -2, -5, 2, -4, 1]
 [-62, 31, -60, 30, -58, 29, -56, 28, -54, 27, -52, 26, -50, 25, -48, 24, -46, 23, -44, 22, -42, 21, -40, 20, -38, 19, -36, 18, -34, 17, -32, 16, -30, 15, -28, 14, -26, 13, -24, 12, -22, 11, -20, 10, -18, 9, -16, 8, -14, 7, -12, 6, -9, 5, -7, 4, -6, 3, -5, 2, -4, 1]
 [63, -31, 62, -30, 60, -29, 58, -28, 56, -27, 54, -26, 52, -25, 50, -24, 48, -23, 46, -22, 44, -21, 42, -20, 40, -19, 38, -18, 36, -17, 34, -16, 32, -15, 30, -14, 28, -13, 26, -12, 24, -11, 22, -10, 20, -9, 18, -8, 16, -7, 14, -6, 10, -5, 8, -4, 7, -3, 6, -2, -5, 2, -4, 1]
 [-64, 32, -62, 31, -60, 30, -58, 29, -56, 28, -54, 27, -52, 26, -50, 25, -48, 24, -46, 23, -44, 22, -42, 21, -40, 20, -38, 19, -36, 18, -34, 17, -32, 16, -30, 15, -28, 14, -26, 13, -24, 12, -22, 11, -20, 10, -18, 9, -16, 8, -14, 7, -12, 6, -9, 5, -7, 4, -6, 3, -5, 2, -4, 1]
 [65, -32, 64, -31, 62, -30, 60, -29, 58, -28, 56, -27, 54, -26, 52, -25, 50, -24, 48, -23, 46, -22, 44, -21, 42, -20, 40, -19, 38, -18, 36, -17, 34, -16, 32, -15, 30, -14, 28, -13, 26, -12, 24, -11, 22, -10, 20, -9, 18, -8, 16, -7, 14, -6, 10, -5, 8, -4, 7, -3, 6, -2, -5, 2, -4, 1]
 [-66, 33, -64, 32, -62, 31, -60, 30, -58, 29, -56, 28, -54, 27, -52, 26, -50, 25, -48, 24, -46, 23, -44, 22, -42, 21, -40, 20, -38, 19, -36, 18, -34, 17, -32, 16, -30, 15, -28, 14, -26, 13, -24, 12, -22, 11, -20, 10, -18, 9, -16, 8, -14, 7, -12, 6, -9, 5, -7, 4, -6, 3, -5, 2, -4, 1]
 [67, -33, 66, -32, 64, -31, 62, -30, 60, -29, 58, -28, 56, -27, 54, -26, 52, -25, 50, -24, 48, -23, 46, -22, 44, -21, 42, -20, 40, -19, 38, -18, 36, -17, 34, -16, 32, -15, 30, -14, 28, -13, 26, -12, 24, -11, 22, -10, 20, -9, 18, -8, 16, -7, 14, -6, 10, -5, 8, -4, 7, -3, 6, -2, -5, 2, -4, 1]
 [-68, 34, -66, 33, -64, 32, -62, 31, -60, 30, -58, 29, -56, 28, -54, 27, -52, 26, -50, 25, -48, 24, -46, 23, -44, 22, -42, 21, -40, 20, -38, 19, -36, 18, -34, 17, -32, 16, -30, 15, -28, 14, -26, 13, -24, 12, -22, 11, -20, 10, -18, 9, -16, 8, -14, 7, -12, 6, -9, 5, -7, 4, -6, 3, -5, 2, -4, 1]
 [69, -34, 68, -33, 66, -32, 64, -31, 62, -30, 60, -29, 58, -28, 56, -27, 54, -26, 52, -25, 50, -24, 48, -23, 46, -22, 44, -21, 42, -20, 40, -19, 38, -18, 36, -17, 34, -16, 32, -15, 30, -14, 28, -13, 26, -12, 24, -11, 22, -10, 20, -9, 18, -8, 16, -7, 14, -6, 10, -5, 8, -4, 7, -3, 6, -2, -5, 2, -4, 1]
 [-70, 35, -68, 34, -66, 33, -64, 32, -62, 31, -60, 30, -58, 29, -56, 28, -54, 27, -52, 26, -50, 25, -48, 24, -46, 23, -44, 22, -42, 21, -40, 20, -38, 19, -36, 18, -34, 17, -32, 16, -30, 15, -28, 14, -26, 13, -24, 12, -22, 11, -20, 10, -18, 9, -16, 8, -14, 7, -12, 6, -9, 5, -7, 4, -6, 3, -5, 2, -4, 1]
 [71, -35, 70, -34, 68, -33, 66, -32, 64, -31, 62, -30, 60, -29, 58, -28, 56, -27, 54, -26, 52, -25, 50, -24, 48, -23, 46, -22, 44, -21, 42, -20, 40, -19, 38, -18, 36, -17, 34, -16, 32, -15, 30, -14, 28, -13, 26, -12, 24, -11, 22, -10, 20, -9, 18, -8, 16, -7, 14, -6, 10, -5, 8, -4, 7, -3, 6, -2, -5, 2, -4, 1]
 [-72, 36, -70, 35, -68, 34, -66, 33, -64, 32, -62, 31, -60, 30, -58, 29, -56, 28, -54, 27, -52, 26, -50, 25, -48, 24, -46, 23, -44, 22, -42, 21, -40, 20, -38, 19, -36, 18, -34, 17, -32, 16, -30, 15, -28, 14, -26, 13, -24, 12, -22, 11, -20, 10, -18, 9, -16, 8, -14, 7, -12, 6, -9, 5, -7, 4, -6, 3, -5, 2, -4, 1]
 [73, -36, 72, -35, 70, -34, 68, -33, 66, -32, 64, -31, 62, -30, 60, -29, 58, -28, 56, -27, 54, -26, 52, -25, 50, -24, 48, -23, 46, -22, 44, -21, 42, -20, 40, -19, 38, -18, 36, -17, 34, -16, 32, -15, 30, -14, 28, -13, 26, -12, 24, -11, 22, -10, 20, -9, 18, -8, 16, -7, 14, -6, 10, -5, 8, -4, 7, -3, 6, -2, -5, 2, -4, 1]
 [-74, 37, -72, 36, -70, 35, -68, 34, -66, 33, -64, 32, -62, 31, -60, 30, -58, 29, -56, 28, -54, 27, -52, 26, -50, 25, -48, 24, -46, 23, -44, 22, -42, 21, -40, 20, -38, 19, -36, 18, -34, 17, -32, 16, -30, 15, -28, 14, -26, 13, -24, 12, -22, 11, -20, 10, -18, 9, -16, 8, -14, 7, -12, 6, -9, 5, -7, 4, -6, 3, -5, 2, -4, 1]
 [75, -37, 74, -36, 72, -35, 70, -34, 68, -33, 66, -32, 64, -31, 62, -30, 60, -29, 58, -28, 56, -27, 54, -26, 52, -25, 50, -24, 48, -23, 46, -22, 44, -21, 42, -20, 40, -19, 38, -18, 36, -17, 34, -16, 32, -15, 30, -14, 28, -13, 26, -12, 24, -11, 22, -10, 20, -9, 18, -8, 16, -7, 14, -6, 10, -5, 8, -4, 7, -3, 6, -2, -5, 2, -4, 1]
 [-76, 38, -74, 37, -72, 36, -70, 35, -68, 34, -66, 33, -64, 32, -62, 31, -60, 30, -58, 29, -56, 28, -54, 27, -52, 26, -50, 25, -48, 24, -46, 23, -44, 22, -42, 21, -40, 20, -38, 19, -36, 18, -34, 17, -32, 16, -30, 15, -28, 14, -26, 13, -24, 12, -22, 11, -20, 10, -18, 9, -16, 8, -14, 7, -12, 6, -9, 5, -7, 4, -6, 3, -5, 2, -4, 1]
 [77, -38, 76, -37, 74, -36, 72, -35, 70, -34, 68, -33, 66, -32, 64, -31, 62, -30, 60, -29, 58, -28, 56, -27, 54, -26, 52, -25, 50, -24, 48, -23, 46, -22, 44, -21, 42, -20, 40, -19, 38, -18, 36, -17, 34, -16, 32, -15, 30, -14, 28, -13, 26, -12, 24, -11, 22, -10, 20, -9, 18, -8, 16, -7, 14, -6, 10, -5, 8, -4, 7, -3, 6, -2, -5, 2, -4, 1]
 [-78, 39, -76, 38, -74, 37, -72, 36, -70, 35, -68, 34, -66, 33, -64, 32, -62, 31, -60, 30, -58, 29, -56, 28, -54, 27, -52, 26, -50, 25, -48, 24, -46, 23, -44, 22, -42, 21, -40, 20, -38, 19, -36, 18, -34, 17, -32, 16, -30, 15, -28, 14, -26, 13, -24, 12, -22, 11, -20, 10, -18, 9, -16, 8, -14, 7, -12, 6, -9, 5, -7, 4, -6, 3, -5, 2, -4, 1]
 [79, -39, 78, -38, 76, -37, 74, -36, 72, -35, 70, -34, 68, -33, 66, -32, 64, -31, 62, -30, 60, -29, 58, -28, 56, -27, 54, -26, 52, -25, 50, -24, 48, -23, 46, -22, 44, -21, 42, -20, 40, -19, 38, -18, 36, -17, 34, -16, 32, -15, 30, -14, 28, -13, 26, -12, 24, -11, 22, -10, 20, -9, 18, -8, 16, -7, 14, -6, 10, -5, 8, -4, 7, -3, 6, -2, -5, 2, -4, 1]
 [-80, 40, -78, 39, -76, 38, -74, 37, -72, 36, -70, 35, -68, 34, -66, 33, -64, 32, -62, 31, -60, 30, -58, 29, -56, 28, -54, 27, -52, 26, -50, 25, -48, 24, -46, 23, -44, 22, -42, 21, -40, 20, -38, 19, -36, 18, -34, 17, -32, 16, -30, 15, -28, 14, -26, 13, -24, 12, -22, 11, -20, 10, -18, 9, -16, 8, -14, 7, -12, 6, -9, 5, -7, 4, -6, 3, -5, 2, -4, 1]
 [81, -40, 80, -39, 78, -38, 76, -37, 74, -36, 72, -35, 70, -34, 68, -33, 66, -32, 64, -31, 62, -30, 60, -29, 58, -28, 56, -27, 54, -26, 52, -25, 50, -24, 48, -23, 46, -22, 44, -21, 42, -20, 40, -19, 38, -18, 36, -17, 34, -16, 32, -15, 30, -14, 28, -13, 26, -12, 24, -11, 22, -10, 20, -9, 18, -8, 16, -7, 14, -6, 10, -5, 8, -4, 7, -3, 6, -2, -5, 2, -4, 1]
 [-82, 41, -80, 40, -78, 39, -76, 38, -74, 37, -72, 36, -70, 35, -68, 34, -66, 33, -64, 32, -62, 31, -60, 30, -58, 29, -56, 28, -54, 27, -52, 26, -50, 25, -48, 24, -46, 23, -44, 22, -42, 21, -40, 20, -38, 19, -36, 18, -34, 17, -32, 16, -30, 15, -28, 14, -26, 13, -24, 12, -22, 11, -20, 10, -18, 9, -16, 8, -14, 7, -12, 6, -9, 5, -7, 4, -6, 3, -5, 2, -4, 1]
 [83, -41, 82, -40, 80, -39, 78, -38, 76, -37, 74, -36, 72, -35, 70, -34, 68, -33, 66, -32, 64, -31, 62, -30, 60, -29, 58, -28, 56, -27, 54, -26, 52, -25, 50, -24, 48, -23, 46, -22, 44, -21, 42, -20, 40, -19, 38, -18, 36, -17, 34, -16, 32, -15, 30, -14, 28, -13, 26, -12, 24, -11, 22, -10, 20, -9, 18, -8, 16, -7, 14, -6, 10, -5, 8, -4, 7, -3, 6, -2, -5, 2, -4, 1]
 [-84, 42, -82, 41, -80, 40, -78, 39, -76, 38, -74, 37, -72, 36, -70, 35, -68, 34, -66, 33, -64, 32, -62, 31, -60, 30, -58, 29, -56, 28, -54, 27, -52, 26, -50, 25, -48, 24, -46, 23, -44, 22, -42, 21, -40, 20, -38, 19, -36, 18, -34, 17, -32, 16, -30, 15, -28, 14, -26, 13, -24, 12, -22, 11, -20, 10, -18, 9, -16, 8, -14, 7, -12, 6, -9, 5, -7, 4, -6, 3, -5, 2, -4, 1]
 [85, -42, 84, -41, 82, -40, 80, -39, 78, -38, 76, -37, 74, -36, 72, -35, 70, -34, 68, -33, 66, -32, 64, -31, 62, -30, 60, -29, 58, -28, 56, -27, 54, -26, 52, -25, 50, -24, 48, -23, 46, -22, 44, -21, 42, -20, 40, -19, 38, -18, 36, -17, 34, -16, 32, -15, 30, -14, 28, -13, 26, -12, 24, -11, 22, -10, 20, -9, 18, -8, 16, -7, 14, -6, 10, -5, 8, -4, 7, -3, 6, -2, -5, 2, -4, 1]
 [-86, 43, -84, 42, -82, 41, -80, 40, -78, 39, -76, 38, -74, 37, -72, 36, -70, 35, -68, 34, -66, 33, -64, 32, -62, 31, -60, 30, -58, 29, -56, 28, -54, 27, -52, 26, -50, 25, -48, 24, -46, 23, -44, 22, -42, 21, -40, 20, -38, 19, -36, 18, -34, 17, -32, 16, -30, 15, -28, 14, -26, 13, -24, 12, -22, 11, -20, 10, -18, 9, -16, 8, -14, 7, -12, 6, -9, 5, -7, 4, -6, 3, -5, 2, -4, 1]
 [87, -43, 86, -42, 84, -41, 82, -40, 80, -39, 78, -38, 76, -37, 74, -36, 72, -35, 70, -34, 68, -33, 66, -32, 64, -31, 62, -30, 60, -29, 58, -28, 56, -27, 54, -26, 52, -25, 50, -24, 48, -23, 46, -22, 44, -21, 42, -20, 40, -19, 38, -18, 36, -17, 34, -16, 32, -15, 30, -14, 28, -13, 26, -12, 24, -11, 22, -10, 20, -9, 18, -8, 16, -7, 14, -6, 10, -5, 8, -4, 7, -3, 6, -2, -5, 2, -4, 1]
 [-88, 44, -86, 43, -84, 42, -82, 41, -80, 40, -78, 39, -76, 38, -74, 37, -72, 36, -70, 35, -68, 34, -66, 33, -64, 32, -62, 31, -60, 30, -58, 29, -56, 28, -54, 27, -52, 26, -50, 25, -48, 24, -46, 23, -44, 22, -42, 21, -40, 20, -38, 19, -36, 18, -34, 17, -32, 16, -30, 15, -28, 14, -26, 13, -24, 12, -22, 11, -20, 10, -18, 9, -16, 8, -14, 7, -12, 6, -9, 5, -7, 4, -6, 3, -5, 2, -4, 1]
 [89, -44, 88, -43, 86, -42, 84, -41, 82, -40, 80, -39, 78, -38, 76, -37, 74, -36, 72, -35, 70, -34, 68, -33, 66, -32, 64, -31, 62, -30, 60, -29, 58, -28, 56, -27, 54, -26, 52, -25, 50, -24, 48, -23, 46, -22, 44, -21, 42, -20, 40, -19, 38, -18, 36, -17, 34, -16, 32, -15, 30, -14, 28, -13, 26, -12, 24, -11, 22, -10, 20, -9, 18, -8, 16, -7, 14, -6, 10, -5, 8, -4, 7, -3, 6, -2, -5, 2, -4, 1]
 [-90, 45, -88, 44, -86, 43, -84, 42, -82, 41, -80, 40, -78, 39, -76, 38, -74, 37, -72, 36, -70, 35, -68, 34, -66, 33, -64, 32, -62, 31, -60, 30, -58, 29, -56, 28, -54, 27, -52, 26, -50, 25, -48, 24, -46, 23, -44, 22, -42, 21, -40, 20, -38, 19, -36, 18, -34, 17, -32, 16, -30, 15, -28, 14, -26, 13, -24, 12, -22, 11, -20, 10, -18, 9, -16, 8, -14, 7, -12, 6, -9, 5, -7, 4, -6, 3, -5, 2, -4, 1]
 [91, -45, 90, -44, 88, -43, 86, -42, 84, -41, 82, -40, 80, -39, 78, -38, 76, -37, 74, -36, 72, -35, 70, -34, 68, -33, 66, -32, 64, -31, 62, -30, 60, -29, 58, -28, 56, -27, 54, -26, 52, -25, 50, -24, 48, -23, 46, -22, 44, -21, 42, -20, 40, -19, 38, -18, 36, -17, 34, -16, 32, -15, 30, -14, 28, -13, 26, -12, 24, -11, 22, -10, 20, -9, 18, -8, 16, -7, 14, -6, 10, -5, 8, -4, 7, -3, 6, -2, -5, 2, -4, 1]
 [-92, 46, -90, 45, -88, 44, -86, 43, -84, 42, -82, 41, -80, 40, -78, 39, -76, 38, -74, 37, -72, 36, -70, 35, -68, 34, -66, 33, -64, 32, -62, 31, -60, 30, -58, 29, -56, 28, -54, 27, -52, 26, -50, 25, -48, 24, -46, 23, -44, 22, -42, 21, -40, 20, -38, 19, -36, 18, -34, 17, -32, 16, -30, 15, -28, 14, -26, 13, -24, 12, -22, 11, -20, 10, -18, 9, -16, 8, -14, 7, -12, 6, -9, 5, -7, 4, -6, 3, -5, 2, -4, 1]
 [93, -46, 92, -45, 90, -44, 88, -43, 86, -42, 84, -41, 82, -40, 80, -39, 78, -38, 76, -37, 74, -36, 72, -35, 70, -34, 68, -33, 66, -32, 64, -31, 62, -30, 60, -29, 58, -28, 56, -27, 54, -26, 52, -25, 50, -24, 48, -23, 46, -22, 44, -21, 42, -20, 40, -19, 38, -18, 36, -17, 34, -16, 32, -15, 30, -14, 28, -13, 26, -12, 24, -11, 22, -10, 20, -9, 18, -8, 16, -7, 14, -6, 10, -5, 8, -4, 7, -3, 6, -2, -5, 2, -4, 1]
 [-94, 47, -92, 46, -90, 45, -88, 44, -86, 43, -84, 42, -82, 41, -80, 40, -78, 39, -76, 38, -74, 37, -72, 36, -70, 35, -68, 34, -66, 33, -64, 32, -62, 31, -60, 30, -58, 29, -56, 28, -54, 27, -52, 26, -50, 25, -48, 24, -46, 23, -44, 22, -42, 21, -40, 20, -38, 19, -36, 18, -34, 17, -32, 16, -30, 15, -28, 14, -26, 13, -24, 12, -22, 11, -20, 10, -18, 9, -16, 8, -14, 7, -12, 6, -9, 5, -7, 4, -6, 3, -5, 2, -4, 1]
 [95, -47, 94, -46, 92, -45, 90, -44, 88, -43, 86, -42, 84, -41, 82, -40, 80, -39, 78, -38, 76, -37, 74, -36, 72, -35, 70, -34, 68, -33, 66, -32, 64, -31, 62, -30, 60, -29, 58, -28, 56, -27, 54, -26, 52, -25, 50, -24, 48, -23, 46, -22, 44, -21, 42, -20, 40, -19, 38, -18, 36, -17, 34, -16, 32, -15, 30, -14, 28, -13, 26, -12, 24, -11, 22, -10, 20, -9, 18, -8, 16, -7, 14, -6, 10, -5, 8, -4, 7, -3, 6, -2, -5, 2, -4, 1]
 [-96, 48, -94, 47, -92, 46, -90, 45, -88, 44, -86, 43, -84, 42, -82, 41, -80, 40, -78, 39, -76, 38, -74, 37, -72, 36, -70, 35, -68, 34, -66, 33, -64, 32, -62, 31, -60, 30, -58, 29, -56, 28, -54, 27, -52, 26, -50, 25, -48, 24, -46, 23, -44, 22, -42, 21, -40, 20, -38, 19, -36, 18, -34, 17, -32, 16, -30, 15, -28, 14, -26, 13, -24, 12, -22, 11, -20, 10, -18, 9, -16, 8, -14, 7, -12, 6, -9, 5, -7, 4, -6, 3, -5, 2, -4, 1]
 [97, -48, 96, -47, 94, -46, 92, -45, 90, -44, 88, -43, 86, -42, 84, -41, 82, -40, 80, -39, 78, -38, 76, -37, 74, -36, 72, -35, 70, -34, 68, -33, 66, -32, 64, -31, 62, -30, 60, -29, 58, -28, 56, -27, 54, -26, 52, -25, 50, -24, 48, -23, 46, -22, 44, -21, 42, -20, 40, -19, 38, -18, 36, -17, 34, -16, 32, -15, 30, -14, 28, -13, 26, -12, 24, -11, 22, -10, 20, -9, 18, -8, 16, -7, 14, -6, 10, -5, 8, -4, 7, -3, 6, -2, -5, 2, -4, 1]
 [-98, 49, -96, 48, -94, 47, -92, 46, -90, 45, -88, 44, -86, 43, -84, 42, -82, 41, -80, 40, -78, 39, -76, 38, -74, 37, -72, 36, -70, 35, -68, 34, -66, 33, -64, 32, -62, 31, -60, 30, -58, 29, -56, 28, -54, 27, -52, 26, -50, 25, -48, 24, -46, 23, -44, 22, -42, 21, -40, 20, -38, 19, -36, 18, -34, 17, -32, 16, -30, 15, -28, 14, -26, 13, -24, 12, -22, 11, -20, 10, -18, 9, -16, 8, -14, 7, -12, 6, -9, 5, -7, 4, -6, 3, -5, 2, -4, 1]
 [99, -49, 98, -48, 96, -47, 94, -46, 92, -45, 90, -44, 88, -43, 86, -42, 84, -41, 82, -40, 80, -39, 78, -38, 76, -37, 74, -36, 72, -35, 70, -34, 68, -33, 66, -32, 64, -31, 62, -30, 60, -29, 58, -28, 56, -27, 54, -26, 52, -25, 50, -24, 48, -23, 46, -22, 44, -21, 42, -20, 40, -19, 38, -18, 36, -17, 34, -16, 32, -15, 30, -14, 28, -13, 26, -12, 24, -11, 22, -10, 20, -9, 18, -8, 16, -7, 14, -6, 10, -5, 8, -4, 7, -3, 6, -2, -5, 2, -4, 1]
 [-100, 50, -98, 49, -96, 48, -94, 47, -92, 46, -90, 45, -88, 44, -86, 43, -84, 42, -82, 41, -80, 40, -78, 39, -76, 38, -74, 37, -72, 36, -70, 35, -68, 34, -66, 33, -64, 32, -62, 31, -60, 30, -58, 29, -56, 28, -54, 27, -52, 26, -50, 25, -48, 24, -46, 23, -44, 22, -42, 21, -40, 20, -38, 19, -36, 18, -34, 17, -32, 16, -30, 15, -28, 14, -26, 13, -24, 12, -22, 11, -20, 10, -18, 9, -16, 8, -14, 7, -12, 6, -9, 5, -7, 4, -6, 3, -5, 2, -4, 1]