0.0020284652709960938
0.003023862838745117
0.003979682922363281
0.003023862838745117
0.006006479263305664
0.0049877166748046875
0.008009672164916992
0.0059871673583984375
0.00695490837097168
0.0070133209228515625
0.008011817932128906
0.011967658996582031
0.01299905776977539
0.011040449142456055
0.012581348419189453
0.009009361267089844
0.012998819351196289
0.0159912109375
0.01299905776977539
0.012998819351196289
0.020432710647583008
0.012998819351196289
0.018950939178466797
0.015990734100341797
0.021975278854370117
0.017493486404418945
0.01795339584350586
0.0159604549407959
0.01997971534729004
0.020944595336914062
0.02743983268737793
0.021973609924316406
0.022971630096435547
0.020015478134155273
0.025475502014160156
0.023938417434692383
0.02397012710571289
0.02315354347229004
0.025509119033813477
0.020978450775146484
0.028923511505126953
0.030528545379638672
0.03293466567993164
0.025931835174560547
0.036460161209106445
0.03191399574279785
0.03593611717224121
0.026262283325195312
0.03194713592529297
0.026926040649414062
0.035514116287231445
0.03195381164550781
0.042885780334472656
0.039440155029296875
0.04188704490661621
0.03645205497741699
0.04291892051696777
0.03445696830749512
0.04588007926940918
0.03391218185424805
0.0473790168762207
0.06435370445251465
0.04940915107727051
0.03941464424133301
0.051897287368774414
0.04146885871887207
0.06582331657409668
0.0464625358581543
0.0548853874206543
0.04738879203796387
0.05488324165344238
0.0433955192565918
0.04887032508850098
0.04342985153198242
0.05385613441467285
0.04539322853088379
0.056880950927734375
0.04841470718383789
0.06244969367980957
0.05784344673156738
0.07035994529724121
0.050896644592285156
0.05935335159301758
0.04346585273742676
0.05585050582885742
0.04742240905761719
0.06781792640686035
0.05440211296081543
0.06936240196228027
0.05289316177368164
0.0593569278717041
0.05289411544799805
0.06438970565795898
0.05109047889709473
0.06486248970031738
0.05606722831726074
0.0694587230682373
0.05984044075012207
0.07135677337646484
0.05189990997314453
