0.002991199493408203
0.004025697708129883
0.003992557525634766
0.00401616096496582
0.0050122737884521484
0.005986452102661133
0.005015134811401367
0.00598454475402832
0.006014585494995117
0.007016181945800781
0.008014440536499023
0.011004924774169922
0.007980823516845703
0.009009361267089844
0.008975505828857422
0.010567188262939453
0.009487390518188477
0.0109710693359375
0.008976936340332031
0.009992361068725586
0.01196908950805664
0.01496434211730957
0.014473915100097656
0.013963460922241211
0.011003971099853516
0.011969327926635742
0.014996767044067383
0.012998580932617188
0.015029430389404297
0.013575553894042969
0.017123937606811523
0.014953136444091797
0.013963937759399414
0.0159909725189209
0.015538454055786133
0.014960050582885742
0.015958309173583984
0.01994776725769043
0.015993833541870117
0.020018339157104492
0.020946741104125977
0.021974802017211914
0.02194356918334961
0.023008346557617188
0.023517370223999023
0.019949913024902344
0.022939443588256836
0.018983125686645508
0.021562814712524414
0.023970603942871094
0.026927947998046875
0.025966167449951172
0.02251410484313965
0.026963472366333008
0.021979570388793945
0.026479005813598633
0.025966167449951172
0.022976160049438477
0.02297210693359375
0.04338955879211426
0.03291177749633789
0.026930570602416992
0.036409616470336914
0.02892327308654785
0.02692866325378418
0.028961181640625
0.038895368576049805
0.029921770095825195
0.03149294853210449
0.030953168869018555
0.028992891311645508
0.02853536605834961
0.03294730186462402
0.02895498275756836
0.03052353858947754
0.030951976776123047
0.035941362380981445
0.03345823287963867
0.034938812255859375
0.03349637985229492
0.032948970794677734
0.030950307846069336
0.03455924987792969
0.03391265869140625
0.03892993927001953
0.03641080856323242
0.03394150733947754
0.033559560775756836
0.03790140151977539
0.033907413482666016
0.036131858825683594
0.03391003608703613
0.0384821891784668
0.03951859474182129
0.041924476623535156
0.04339861869812012
0.04291987419128418
0.03751778602600098
0.04491257667541504
0.04046893119812012
